0.0000000000000000 1.0000000000000000
0.0158666295635848 1.0158652874927470
0.0317332591271696 1.0317224372519995
0.0475998886907544 1.0475630751364582
0.0634665182543393 1.0633785654513817
0.0793331478179241 1.0791600069331591
0.0951997773815089 1.0948982287402673
0.1110664069450937 1.1105837864528720
0.1269330365086785 1.1262069580833967
0.1427996660722633 1.1417577401004533
0.1586662956358481 1.1572258434686047
0.1745329251994329 1.1726006897064842
0.1903995547630178 1.1878714069658936
0.2062661843266026 1.2030268261345503
0.2221328138901874 1.2180554769652499
0.2379994434537722 1.2329455842342665
0.2538660730173570 1.2476850639319059
0.2697327025809418 1.2622615194881945
0.2855993321445267 1.2766622380367640
0.3014659617081115 1.2908741867200830
0.3173325912716963 1.3048840090392493
0.3331992208352811 1.3186780212516533
0.3490658503988659 1.3322422088198980
0.3649324799624507 1.3455622229154394
0.3807991095260356 1.3586233769805089
0.3966657390896204 1.3714106433519480
0.4125323686532052 1.3839086499506825
0.4283989982167900 1.3961016770406454
0.4442656277803748 1.4079736540610441
0.4601322573439596 1.4195081565359604
0.4759988869075444 1.4306884030653542
0.4918655164711292 1.4414972524016354
0.5077321460347141 1.4519172006160612
0.5235987755982989 1.4619303783593018
0.5394654051618837 1.4715185482206108
0.5553320347254685 1.4806631021901353
0.5711986642890533 1.4893450592289841
0.5870652938526382 1.4975450629517746
0.6029319234162229 1.5052433794264699
0.6187985529798078 1.5124198950964112
0.6346651825433925 1.5190541148295518
0.6505318121069774 1.5251251600999896
0.6663984416705622 1.5306117673069941
0.6822650712341470 1.5354922862368208
0.6981317007977318 1.5397446786727049
0.7139983303613167 1.5433465171585219
0.7298649599249014 1.5462749839217018
0.7457315894884863 1.5485068699610833
0.7615982190520711 1.5500185743054946
0.7774648486156559 1.5507861034489376
0.7933314781792408 1.5507850709683677
0.8091981077428255 1.5499906973301463
0.8250647373064104 1.5483778098913494
0.8409313668699951 1.5459208431022144
0.8567979964335800 1.5425938389161074
0.8726646259971648 1.5383704474134903
0.8885312555607496 1.5332239276464688
0.9043978851243344 1.5271271487106057
0.9202645146879193 1.5200525910507705
0.9361311442515040 1.5119723480079110
0.9519977738150889 1.5028581276137165
0.9678644033786736 1.4926812546402539
0.9837310329422585 1.4814126729117449
0.9995976625058433 1.4690229478857542
1.0154642920694281 1.4554822695111531
1.0313309216330129 1.4407604553703288
1.0471975511965979 1.4248269541131806
1.0630641807601826 1.4076508491905735
1.0789308103237674 1.3892008628949764
1.0947974398873521 1.3694453607161374
1.1106640694509371 1.3483523560197133
1.1265306990145219 1.3258895150568821
1.1423973285781066 1.3020241623130395
1.1582639581416914 1.2767232862037834
1.1741305877052763 1.2499535451264636
1.1899972172688611 1.2216812738756713
1.2058638468324459 1.1918724904311122
1.2217304763960306 1.1604929031264080
1.2375971059596156 1.1275079182074312
1.2534637355232003 1.0928826477888764
1.2693303650867851 1.0565819182178211
1.2851969946503701 1.0185702788531430
1.3010636242139548 0.9788120112696915
1.3169302537775396 0.9372711388962055
1.3327968833411243 0.8939114370960388
1.3486635129047093 0.8486964436998037
1.3645301424682941 0.8015894699991232
1.3803967720318788 0.7525536122107270
1.3962634015954636 0.7015517634202016
1.4121300311590486 0.6485466260147406
1.4279966607226333 0.5935007246143101
1.4438632902862181 0.5363764195106731
1.4597299198498028 0.4771359206237847
1.4755965494133878 0.4157413019850918
1.4914631789769726 0.3521545167573219
1.5073298085405573 0.2863374128003665
1.5231964381041423 0.2182517487929155
1.5390630676677270 0.1478592109195091
1.5549296972313118 0.0751214301326922
1.5707963267948966 0.0000000000000003
