0.00000000 1.00000000
0.00157080 1.00157080
0.00314159 1.00314158
0.00471239 1.00471235
0.00628319 1.00628310
0.00785398 1.00785382
0.00942478 1.00942450
0.01099557 1.01099513
0.01256637 1.01256570
0.01413717 1.01413622
0.01570796 1.01570666
0.01727876 1.01727703
0.01884956 1.01884730
0.02042035 1.02041748
0.02199115 1.02198756
0.02356194 1.02355753
0.02513274 1.02512738
0.02670354 1.02669711
0.02827433 1.02826669
0.02984513 1.02983614
0.03141593 1.03140543
0.03298672 1.03297456
0.03455752 1.03454352
0.03612832 1.03611231
0.03769911 1.03768091
0.03926991 1.03924932
0.04084070 1.04081753
0.04241150 1.04238553
0.04398230 1.04395331
0.04555309 1.04552086
0.04712389 1.04708818
0.04869469 1.04865525
0.05026548 1.05022207
0.05183628 1.05178863
0.05340708 1.05335493
0.05497787 1.05492094
0.05654867 1.05648667
0.05811946 1.05805210
0.05969026 1.05961723
0.06126106 1.06118204
0.06283185 1.06274654
0.06440265 1.06431070
0.06597345 1.06587453
0.06754424 1.06743801
0.06911504 1.06900113
0.07068583 1.07056389
0.07225663 1.07212627
0.07382743 1.07368827
0.07539822 1.07524988
0.07696902 1.07681109
0.07853982 1.07837188
0.08011061 1.07993226
0.08168141 1.08149221
0.08325221 1.08305173
0.08482300 1.08461080
0.08639380 1.08616941
0.08796459 1.08772756
0.08953539 1.08928523
0.09110619 1.09084242
0.09267698 1.09239913
0.09424778 1.09395533
0.09581858 1.09551101
0.09738937 1.09706618
0.09896017 1.09862083
0.10053096 1.10017493
0.10210176 1.10172848
0.10367256 1.10328148
0.10524335 1.10483391
0.10681415 1.10638577
0.10838495 1.10793704
0.10995574 1.10948771
0.11152654 1.11103778
0.11309734 1.11258724
0.11466813 1.11413607
0.11623893 1.11568427
0.11780972 1.11723183
0.11938052 1.11877874
0.12095132 1.12032498
0.12252211 1.12187055
0.12409291 1.12341544
0.12566371 1.12495963
0.12723450 1.12650313
0.12880530 1.12804591
0.13037610 1.12958798
0.13194689 1.13112931
0.13351769 1.13266990
0.13508848 1.13420974
0.13665928 1.13574882
0.13823008 1.13728713
0.13980087 1.13882466
0.14137167 1.14036140
0.14294247 1.14189734
0.14451326 1.14343246
0.14608406 1.14496677
0.14765485 1.14650024
0.14922565 1.14803287
0.15079645 1.14956465
0.15236724 1.15109557
0.15393804 1.15262562
0.15550884 1.15415478
0.15707963 1.15568305
0.15865043 1.15721042
0.16022123 1.15873687
0.16179202 1.16026240
0.16336282 1.16178700
0.16493361 1.16331065
0.16650441 1.16483334
0.16807521 1.16635507
0.16964600 1.16787582
0.17121680 1.16939559
0.17278760 1.17091435
0.17435839 1.17243211
0.17592919 1.17394885
0.17749998 1.17546456
0.17907078 1.17697923
0.18064158 1.17849285
0.18221237 1.18000540
0.18378317 1.18151688
0.18535397 1.18302728
0.18692476 1.18453659
0.18849556 1.18604479
0.19006636 1.18755187
0.19163715 1.18905782
0.19320795 1.19056264
0.19477874 1.19206630
0.19634954 1.19356881
0.19792034 1.19507014
0.19949113 1.19657030
0.20106193 1.19806925
0.20263273 1.19956701
0.20420352 1.20106354
0.20577432 1.20255885
0.20734512 1.20405292
0.20891591 1.20554574
0.21048671 1.20703730
0.21205750 1.20852759
0.21362830 1.21001659
0.21519910 1.21150430
0.21676989 1.21299070
0.21834069 1.21447578
0.21991149 1.21595953
0.22148228 1.21744194
0.22305308 1.21892300
0.22462387 1.22040270
0.22619467 1.22188101
0.22776547 1.22335794
0.22933626 1.22483348
0.23090706 1.22630760
0.23247786 1.22778029
0.23404865 1.22925156
0.23561945 1.23072137
0.23719025 1.23218973
0.23876104 1.23365662
0.24033184 1.23512203
0.24190263 1.23658594
0.24347343 1.23804835
0.24504423 1.23950923
0.24661502 1.24096859
0.24818582 1.24242641
0.24975662 1.24388268
0.25132741 1.24533738
0.25289821 1.24679050
0.25446900 1.24824203
0.25603980 1.24969196
0.25761060 1.25114027
0.25918139 1.25258696
0.26075219 1.25403201
0.26232299 1.25547541
0.26389378 1.25691714
0.26546458 1.25835720
0.26703538 1.25979557
0.26860617 1.26123224
0.27017697 1.26266719
0.27174776 1.26410042
0.27331856 1.26553191
0.27488936 1.26696165
0.27646015 1.26838963
0.27803095 1.26981583
0.27960175 1.27124025
0.28117254 1.27266286
0.28274334 1.27408366
0.28431414 1.27550263
0.28588493 1.27691976
0.28745573 1.27833504
0.28902652 1.27974846
0.29059732 1.28115999
0.29216812 1.28256964
0.29373891 1.28397738
0.29530971 1.28538321
0.29688051 1.28678710
0.29845130 1.28818906
0.30002210 1.28958906
0.30159289 1.29098709
0.30316369 1.29238313
0.30473449 1.29377719
0.30630528 1.29516923
0.30787608 1.29655925
0.30944688 1.29794724
0.31101767 1.29933318
0.31258847 1.30071706
0.31415927 1.30209887
0.31573006 1.30347858
0.31730086 1.30485620
0.31887165 1.30623170
0.32044245 1.30760508
0.32201325 1.30897631
0.32358404 1.31034538
0.32515484 1.31171229
0.32672564 1.31307702
0.32829643 1.31443955
0.32986723 1.31579987
0.33143802 1.31715797
0.33300882 1.31851383
0.33457962 1.31986744
0.33615041 1.32121878
0.33772121 1.32256785
0.33929201 1.32391463
0.34086280 1.32525910
0.34243360 1.32660125
0.34400440 1.32794106
0.34557519 1.32927853
0.34714599 1.33061364
0.34871678 1.33194637
0.35028758 1.33327671
0.35185838 1.33460465
0.35342917 1.33593017
0.35499997 1.33725326
0.35657077 1.33857390
0.35814156 1.33989208
0.35971236 1.34120779
0.36128316 1.34252100
0.36285395 1.34383172
0.36442475 1.34513991
0.36599554 1.34644558
0.36756634 1.34774869
0.36913714 1.34904925
0.37070793 1.35034723
0.37227873 1.35164262
0.37384953 1.35293541
0.37542032 1.35422557
0.37699112 1.35551311
0.37856191 1.35679799
0.38013271 1.35808021
0.38170351 1.35935976
0.38327430 1.36063661
0.38484510 1.36191075
0.38641590 1.36318217
0.38798669 1.36445086
0.38955749 1.36571679
0.39112829 1.36697995
0.39269908 1.36824034
0.39426988 1.36949793
0.39584067 1.37075270
0.39741147 1.37200465
0.39898227 1.37325376
0.40055306 1.37450001
0.40212386 1.37574338
0.40369466 1.37698387
0.40526545 1.37822146
0.40683625 1.37945613
0.40840704 1.38068787
0.40997784 1.38191665
0.41154864 1.38314248
0.41311943 1.38436532
0.41469023 1.38558517
0.41626103 1.38680201
0.41783182 1.38801583
0.41940262 1.38922660
0.42097342 1.39043432
0.42254421 1.39163897
0.42411501 1.39284052
0.42568580 1.39403898
0.42725660 1.39523431
0.42882740 1.39642651
0.43039819 1.39761556
0.43196899 1.39880144
0.43353979 1.39998414
0.43511058 1.40116365
0.43668138 1.40233993
0.43825218 1.40351299
0.43982297 1.40468280
0.44139377 1.40584936
0.44296456 1.40701263
0.44453536 1.40817261
0.44610616 1.40932928
0.44767695 1.41048262
0.44924775 1.41163262
0.45081855 1.41277926
0.45238934 1.41392253
0.45396014 1.41506240
0.45553093 1.41619887
0.45710173 1.41733192
0.45867253 1.41846152
0.46024332 1.41958767
0.46181412 1.42071034
0.46338492 1.42182953
0.46495571 1.42294521
0.46652651 1.42405737
0.46809731 1.42516599
0.46966810 1.42627105
0.47123890 1.42737254
0.47280969 1.42847044
0.47438049 1.42956474
0.47595129 1.43065541
0.47752208 1.43174244
0.47909288 1.43282582
0.48066368 1.43390553
0.48223447 1.43498154
0.48380527 1.43605385
0.48537606 1.43712243
0.48694686 1.43818728
0.48851766 1.43924836
0.49008845 1.44030567
0.49165925 1.44135919
0.49323005 1.44240890
0.49480084 1.44345479
0.49637164 1.44449683
0.49794244 1.44553501
0.49951323 1.44656931
0.50108403 1.44759972
0.50265482 1.44862621
0.50422562 1.44964877
0.50579642 1.45066739
0.50736721 1.45168204
0.50893801 1.45269271
0.51050881 1.45369938
0.51207960 1.45470203
0.51365040 1.45570065
0.51522120 1.45669521
0.51679199 1.45768571
0.51836279 1.45867211
0.51993358 1.45965441
0.52150438 1.46063259
0.52307518 1.46160662
0.52464597 1.46257650
0.52621677 1.46354220
0.52778757 1.46450370
0.52935836 1.46546099
0.53092916 1.46641405
0.53249995 1.46736286
0.53407075 1.46830740
0.53564155 1.46924766
0.53721234 1.47018362
0.53878314 1.47111525
0.54035394 1.47204254
0.54192473 1.47296548
0.54349553 1.47388404
0.54506633 1.47479820
0.54663712 1.47570796
0.54820792 1.47661328
0.54977871 1.47751415
0.55134951 1.47841055
0.55292031 1.47930247
0.55449110 1.48018988
0.55606190 1.48107277
0.55763270 1.48195112
0.55920349 1.48282490
0.56077429 1.48369411
0.56234508 1.48455871
0.56391588 1.48541870
0.56548668 1.48627406
0.56705747 1.48712476
0.56862827 1.48797078
0.57019907 1.48881212
0.57176986 1.48964874
0.57334066 1.49048063
0.57491146 1.49130778
0.57648225 1.49213015
0.57805305 1.49294774
0.57962384 1.49376052
0.58119464 1.49456847
0.58276544 1.49537159
0.58433623 1.49616983
0.58590703 1.49696320
0.58747783 1.49775166
0.58904862 1.49853520
0.59061942 1.49931380
0.59219022 1.50008743
0.59376101 1.50085609
0.59533181 1.50161975
0.59690260 1.50237839
0.59847340 1.50313199
0.60004420 1.50388053
0.60161499 1.50462400
0.60318579 1.50536237
0.60475659 1.50609562
0.60632738 1.50682373
0.60789818 1.50754669
0.60946897 1.50826447
0.61103977 1.50897705
0.61261057 1.50968442
0.61418136 1.51038655
0.61575216 1.51108343
0.61732296 1.51177503
0.61889375 1.51246134
0.62046455 1.51314233
0.62203535 1.51381798
0.62360614 1.51448828
0.62517694 1.51515320
0.62674773 1.51581272
0.62831853 1.51646683
0.62988933 1.51711550
0.63146012 1.51775871
0.63303092 1.51839645
0.63460172 1.51902869
0.63617251 1.51965540
0.63774331 1.52027658
0.63931411 1.52089220
0.64088490 1.52150224
0.64245570 1.52210668
0.64402649 1.52270550
0.64559729 1.52329868
0.64716809 1.52388619
0.64873888 1.52446802
0.65030968 1.52504415
0.65188048 1.52561455
0.65345127 1.52617921
0.65502207 1.52673810
0.65659286 1.52729120
0.65816366 1.52783849
0.65973446 1.52837996
0.66130525 1.52891557
0.66287605 1.52944531
0.66444685 1.52996916
0.66601764 1.53048710
0.66758844 1.53099910
0.66915924 1.53150515
0.67073003 1.53200522
0.67230083 1.53249929
0.67387162 1.53298734
0.67544242 1.53346934
0.67701322 1.53394529
0.67858401 1.53441515
0.68015481 1.53487891
0.68172561 1.53533654
0.68329640 1.53578802
0.68486720 1.53623333
0.68643799 1.53667245
0.68800879 1.53710535
0.68957959 1.53753203
0.69115038 1.53795244
0.69272118 1.53836657
0.69429198 1.53877441
0.69586277 1.53917592
0.69743357 1.53957109
0.69900437 1.53995989
0.70057516 1.54034231
0.70214596 1.54071831
0.70371675 1.54108788
0.70528755 1.54145100
0.70685835 1.54180765
0.70842914 1.54215779
0.70999994 1.54250141
0.71157074 1.54283849
0.71314153 1.54316901
0.71471233 1.54349294
0.71628313 1.54381026
0.71785392 1.54412095
0.71942472 1.54442498
0.72099551 1.54472234
0.72256631 1.54501299
0.72413711 1.54529693
0.72570790 1.54557412
0.72727870 1.54584454
0.72884950 1.54610818
0.73042029 1.54636500
0.73199109 1.54661499
0.73356188 1.54685812
0.73513268 1.54709437
0.73670348 1.54732371
0.73827427 1.54754613
0.73984507 1.54776160
0.74141587 1.54797010
0.74298666 1.54817161
0.74455746 1.54836609
0.74612826 1.54855354
0.74769905 1.54873392
0.74926985 1.54890721
0.75084064 1.54907340
0.75241144 1.54923245
0.75398224 1.54938434
0.75555303 1.54952906
0.75712383 1.54966657
0.75869463 1.54979685
0.76026542 1.54991988
0.76183622 1.55003565
0.76340701 1.55014411
0.76497781 1.55024525
0.76654861 1.55033905
0.76811940 1.55042548
0.76969020 1.55050452
0.77126100 1.55057615
0.77283179 1.55064034
0.77440259 1.55069706
0.77597339 1.55074630
0.77754418 1.55078803
0.77911498 1.55082223
0.78068577 1.55084887
0.78225657 1.55086792
0.78382737 1.55087937
0.78539816 1.55088320
0.78696896 1.55087937
0.78853976 1.55086786
0.79011055 1.55084865
0.79168135 1.55082171
0.79325215 1.55078703
0.79482294 1.55074457
0.79639374 1.55069431
0.79796453 1.55063623
0.79953533 1.55057031
0.80110613 1.55049651
0.80267692 1.55041482
0.80424772 1.55032520
0.80581852 1.55022764
0.80738931 1.55012212
0.80896011 1.55000860
0.81053090 1.54988706
0.81210170 1.54975748
0.81367250 1.54961983
0.81524329 1.54947409
0.81681409 1.54932023
0.81838489 1.54915823
0.81995568 1.54898806
0.82152648 1.54880970
0.82309728 1.54862313
0.82466807 1.54842831
0.82623887 1.54822523
0.82780966 1.54801386
0.82938046 1.54779417
0.83095126 1.54756614
0.83252205 1.54732974
0.83409285 1.54708495
0.83566365 1.54683175
0.83723444 1.54657010
0.83880524 1.54629998
0.84037603 1.54602138
0.84194683 1.54573425
0.84351763 1.54543858
0.84508842 1.54513435
0.84665922 1.54482151
0.84823002 1.54450006
0.84980081 1.54416997
0.85137161 1.54383120
0.85294241 1.54348374
0.85451320 1.54312755
0.85608400 1.54276262
0.85765479 1.54238891
0.85922559 1.54200640
0.86079639 1.54161507
0.86236718 1.54121489
0.86393798 1.54080583
0.86550878 1.54038787
0.86707957 1.53996098
0.86865037 1.53952513
0.87022117 1.53908031
0.87179196 1.53862648
0.87336276 1.53816361
0.87493355 1.53769169
0.87650435 1.53721068
0.87807515 1.53672056
0.87964594 1.53622130
0.88121674 1.53571288
0.88278754 1.53519527
0.88435833 1.53466844
0.88592913 1.53413237
0.88749992 1.53358703
0.88907072 1.53303240
0.89064152 1.53246844
0.89221231 1.53189513
0.89378311 1.53131245
0.89535391 1.53072037
0.89692470 1.53011885
0.89849550 1.52950788
0.90006630 1.52888743
0.90163709 1.52825747
0.90320789 1.52761798
0.90477868 1.52696892
0.90634948 1.52631027
0.90792028 1.52564201
0.90949107 1.52496410
0.91106187 1.52427653
0.91263267 1.52357925
0.91420346 1.52287226
0.91577426 1.52215551
0.91734505 1.52142898
0.91891585 1.52069264
0.92048665 1.51994647
0.92205744 1.51919045
0.92362824 1.51842453
0.92519904 1.51764870
0.92676983 1.51686293
0.92834063 1.51606719
0.92991143 1.51526145
0.93148222 1.51444568
0.93305302 1.51361987
0.93462381 1.51278397
0.93619461 1.51193797
0.93776541 1.51108183
0.93933620 1.51021553
0.94090700 1.50933904
0.94247780 1.50845233
0.94404859 1.50755538
0.94561939 1.50664815
0.94719019 1.50573063
0.94876098 1.50480277
0.95033178 1.50386455
0.95190257 1.50291595
0.95347337 1.50195694
0.95504417 1.50098749
0.95661496 1.50000756
0.95818576 1.49901714
0.95975656 1.49801620
0.96132735 1.49700470
0.96289815 1.49598262
0.96446894 1.49494993
0.96603974 1.49390660
0.96761054 1.49285260
0.96918133 1.49178791
0.97075213 1.49071250
0.97232293 1.48962633
0.97389372 1.48852938
0.97546452 1.48742163
0.97703532 1.48630304
0.97860611 1.48517358
0.98017691 1.48403323
0.98174770 1.48288195
0.98331850 1.48171972
0.98488930 1.48054652
0.98646009 1.47936230
0.98803089 1.47816704
0.98960169 1.47696072
0.99117248 1.47574330
0.99274328 1.47451476
0.99431407 1.47327507
0.99588487 1.47202419
0.99745567 1.47076210
0.99902646 1.46948877
1.00059726 1.46820417
1.00216806 1.46690827
1.00373885 1.46560105
1.00530965 1.46428246
1.00688045 1.46295249
1.00845124 1.46161111
1.01002204 1.46025828
1.01159283 1.45889397
1.01316363 1.45751817
1.01473443 1.45613082
1.01630522 1.45473192
1.01787602 1.45332143
1.01944682 1.45189931
1.02101761 1.45046554
1.02258841 1.44902010
1.02415921 1.44756294
1.02573000 1.44609404
1.02730080 1.44461338
1.02887159 1.44312091
1.03044239 1.44161662
1.03201319 1.44010047
1.03358398 1.43857242
1.03515478 1.43703247
1.03672558 1.43548056
1.03829637 1.43391667
1.03986717 1.43234078
1.04143796 1.43075285
1.04300876 1.42915285
1.04457956 1.42754075
1.04615035 1.42591652
1.04772115 1.42428014
1.04929195 1.42263157
1.05086274 1.42097078
1.05243354 1.41929773
1.05400434 1.41761242
1.05557513 1.41591479
1.05714593 1.41420482
1.05871672 1.41248248
1.06028752 1.41074774
1.06185832 1.40900057
1.06342911 1.40724093
1.06499991 1.40546881
1.06657071 1.40368416
1.06814150 1.40188696
1.06971230 1.40007717
1.07128309 1.39825478
1.07285389 1.39641973
1.07442469 1.39457201
1.07599548 1.39271158
1.07756628 1.39083842
1.07913708 1.38895249
1.08070787 1.38705375
1.08227867 1.38514219
1.08384947 1.38321777
1.08542026 1.38128045
1.08699106 1.37933022
1.08856185 1.37736703
1.09013265 1.37539085
1.09170345 1.37340166
1.09327424 1.37139942
1.09484504 1.36938410
1.09641584 1.36735567
1.09798663 1.36531410
1.09955743 1.36325936
1.10112823 1.36119142
1.10269902 1.35911024
1.10426982 1.35701580
1.10584061 1.35490805
1.10741141 1.35278698
1.10898221 1.35065255
1.11055300 1.34850473
1.11212380 1.34634348
1.11369460 1.34416878
1.11526539 1.34198060
1.11683619 1.33977889
1.11840698 1.33756364
1.11997778 1.33533480
1.12154858 1.33309235
1.12311937 1.33083626
1.12469017 1.32856649
1.12626097 1.32628301
1.12783176 1.32398579
1.12940256 1.32167480
1.13097336 1.31935000
1.13254415 1.31701137
1.13411495 1.31465887
1.13568574 1.31229247
1.13725654 1.30991214
1.13882734 1.30751785
1.14039813 1.30510955
1.14196893 1.30268723
1.14353973 1.30025085
1.14511052 1.29780038
1.14668132 1.29533578
1.14825211 1.29285703
1.14982291 1.29036408
1.15139371 1.28785691
1.15296450 1.28533549
1.15453530 1.28279979
1.15610610 1.28024976
1.15767689 1.27768538
1.15924769 1.27510662
1.16081849 1.27251344
1.16238928 1.26990581
1.16396008 1.26728370
1.16553087 1.26464708
1.16710167 1.26199591
1.16867247 1.25933016
1.17024326 1.25664980
1.17181406 1.25395479
1.17338486 1.25124511
1.17495565 1.24852071
1.17652645 1.24578158
1.17809725 1.24302766
1.17966804 1.24025894
1.18123884 1.23747537
1.18280963 1.23467693
1.18438043 1.23186359
1.18595123 1.22903530
1.18752202 1.22619203
1.18909282 1.22333376
1.19066362 1.22046046
1.19223441 1.21757207
1.19380521 1.21466858
1.19537600 1.21174995
1.19694680 1.20881615
1.19851760 1.20586715
1.20008839 1.20290290
1.20165919 1.19992338
1.20322999 1.19692856
1.20480078 1.19391839
1.20637158 1.19089286
1.20794238 1.18785191
1.20951317 1.18479553
1.21108397 1.18172368
1.21265476 1.17863631
1.21422556 1.17553341
1.21579636 1.17241494
1.21736715 1.16928086
1.21893795 1.16613113
1.22050875 1.16296574
1.22207954 1.15978463
1.22365034 1.15658778
1.22522113 1.15337516
1.22679193 1.15014673
1.22836273 1.14690246
1.22993352 1.14364230
1.23150432 1.14036624
1.23307512 1.13707424
1.23464591 1.13376625
1.23621671 1.13044225
1.23778751 1.12710221
1.23935830 1.12374608
1.24092910 1.12037385
1.24249989 1.11698546
1.24407069 1.11358089
1.24564149 1.11016010
1.24721228 1.10672307
1.24878308 1.10326975
1.25035388 1.09980010
1.25192467 1.09631411
1.25349547 1.09281173
1.25506627 1.08929293
1.25663706 1.08575767
1.25820786 1.08220592
1.25977865 1.07863765
1.26134945 1.07505281
1.26292025 1.07145139
1.26449104 1.06783334
1.26606184 1.06419862
1.26763264 1.06054721
1.26920343 1.05687907
1.27077423 1.05319416
1.27234502 1.04949245
1.27391582 1.04577390
1.27548662 1.04203849
1.27705741 1.03828617
1.27862821 1.03451692
1.28019901 1.03073069
1.28176980 1.02692745
1.28334060 1.02310717
1.28491140 1.01926982
1.28648219 1.01541535
1.28805299 1.01154373
1.28962378 1.00765494
1.29119458 1.00374892
1.29276538 0.99982566
1.29433617 0.99588510
1.29590697 0.99192723
1.29747777 0.98795200
1.29904856 0.98395938
1.30061936 0.97994933
1.30219015 0.97592182
1.30376095 0.97187682
1.30533175 0.96781428
1.30690254 0.96373418
1.30847334 0.95963648
1.31004414 0.95552114
1.31161493 0.95138813
1.31318573 0.94723741
1.31475653 0.94306895
1.31632732 0.93888271
1.31789812 0.93467866
1.31946891 0.93045676
1.32103971 0.92621697
1.32261051 0.92195927
1.32418130 0.91768362
1.32575210 0.91338998
1.32732290 0.90907831
1.32889369 0.90474858
1.33046449 0.90040076
1.33203529 0.89603480
1.33360608 0.89165068
1.33517688 0.88724836
1.33674767 0.88282780
1.33831847 0.87838896
1.33988927 0.87393182
1.34146006 0.86945634
1.34303086 0.86496247
1.34460166 0.86045019
1.34617245 0.85591946
1.34774325 0.85137024
1.34931404 0.84680250
1.35088484 0.84221621
1.35245564 0.83761132
1.35402643 0.83298779
1.35559723 0.82834561
1.35716803 0.82368472
1.35873882 0.81900510
1.36030962 0.81430670
1.36188042 0.80958950
1.36345121 0.80485345
1.36502201 0.80009852
1.36659280 0.79532468
1.36816360 0.79053188
1.36973440 0.78572009
1.37130519 0.78088928
1.37287599 0.77603942
1.37444679 0.77117045
1.37601758 0.76628235
1.37758838 0.76137509
1.37915917 0.75644862
1.38072997 0.75150291
1.38230077 0.74653793
1.38387156 0.74155363
1.38544236 0.73654999
1.38701316 0.73152696
1.38858395 0.72648450
1.39015475 0.72142260
1.39172555 0.71634120
1.39329634 0.71124027
1.39486714 0.70611977
1.39643793 0.70097967
1.39800873 0.69581994
1.39957953 0.69064053
1.40115032 0.68544141
1.40272112 0.68022254
1.40429192 0.67498389
1.40586271 0.66972542
1.40743351 0.66444709
1.40900431 0.65914887
1.41057510 0.65383072
1.41214590 0.64849261
1.41371669 0.64313449
1.41528749 0.63775634
1.41685829 0.63235811
1.41842908 0.62693977
1.41999988 0.62150128
1.42157068 0.61604261
1.42314147 0.61056372
1.42471227 0.60506457
1.42628306 0.59954512
1.42785386 0.59400535
1.42942466 0.58844521
1.43099545 0.58286466
1.43256625 0.57726368
1.43413705 0.57164222
1.43570784 0.56600024
1.43727864 0.56033772
1.43884944 0.55465461
1.44042023 0.54895087
1.44199103 0.54322648
1.44356182 0.53748138
1.44513262 0.53171556
1.44670342 0.52592896
1.44827421 0.52012156
1.44984501 0.51429331
1.45141581 0.50844418
1.45298660 0.50257414
1.45455740 0.49668313
1.45612819 0.49077114
1.45769899 0.48483812
1.45926979 0.47888404
1.46084058 0.47290885
1.46241138 0.46691253
1.46398218 0.46089503
1.46555297 0.45485632
1.46712377 0.44879636
1.46869457 0.44271511
1.47026536 0.43661254
1.47183616 0.43048861
1.47340695 0.42434329
1.47497775 0.41817652
1.47654855 0.41198829
1.47811934 0.40577855
1.47969014 0.39954727
1.48126094 0.39329441
1.48283173 0.38701992
1.48440253 0.38072378
1.48597333 0.37440595
1.48754412 0.36806639
1.48911492 0.36170506
1.49068571 0.35532192
1.49225651 0.34891695
1.49382731 0.34249010
1.49539810 0.33604133
1.49696890 0.32957061
1.49853970 0.32307790
1.50011049 0.31656317
1.50168129 0.31002637
1.50325208 0.30346747
1.50482288 0.29688643
1.50639368 0.29028322
1.50796447 0.28365780
1.50953527 0.27701012
1.51110607 0.27034017
1.51267686 0.26364788
1.51424766 0.25693324
1.51581846 0.25019620
1.51738925 0.24343672
1.51896005 0.23665478
1.52053084 0.22985032
1.52210164 0.22302332
1.52367244 0.21617373
1.52524323 0.20930152
1.52681403 0.20240665
1.52838483 0.19548909
1.52995562 0.18854880
1.53152642 0.18158574
1.53309721 0.17459986
1.53466801 0.16759115
1.53623881 0.16055955
1.53780960 0.15350504
1.53938040 0.14642757
1.54095120 0.13932710
1.54252199 0.13220361
1.54409279 0.12505704
1.54566359 0.11788738
1.54723438 0.11069457
1.54880518 0.10347858
1.55037597 0.09623937
1.55194677 0.08897691
1.55351757 0.08169116
1.55508836 0.07438208
1.55665916 0.06704963
1.55822996 0.05969378
1.55980075 0.05231449
1.56137155 0.04491173
1.56294235 0.03748544
1.56451314 0.03003561
1.56608394 0.02256218
1.56765473 0.01506513
1.56922553 0.00754442
1.57079633 0.00000000
